SID,Count,CV_Mean,CV_Best,CV_Worst,R2_Train,MAE_Train,RMSE_Train,R2_Test_All,MAE_Test_All,RMSE_Test_All,R2_Test_NFI6,MAE_Test_NFI6,RMSE_Test_NFI6,R2_Test_NFI7,MAE_Test_NFI7,RMSE_Test_NFI7,Coef1,Coef2,Coef3,Coef4,Coef5,Coef6,Coef7,Coef8,Coef9,Coef10,Coef11
10,(200, 382),0.04063716377421707,0.05560541668209307,0.027945008935159055,0.03864558616537006,0.12488945618046424,0.14997909001167933,-0.04192000014835129,0.12412395156078106,0.14937101168817496,-0.4130551655438808,0.1307244304024239,0.15889825195589405,0.006819447932562506,0.12065001532833745,0.14410389711362134,-0.1963734888245083,0.06352274499377895,-0.04524557282198014,0.04284950919059732,0.1455410861967826,0.009557964854354974,-0.00020182740824708972,-0.195233911338739,-0.17146208012142716,0.015747243662683347,-0.01779743923921197
11,(13328, 31294),0.12635389020634238,0.12780541392750233,0.12473581305059156,0.12642393116245587,0.09341419600203633,0.11730960245473826,0.11595929414023387,0.09241290876929624,0.11648286872067304,0.1078362061853072,0.09172825997377228,0.11577311714449798,0.1142266328147159,0.09270457922133633,0.11678392310147291,-1.3106584894829658,0.12067853433851762,0.5520594475239118,-0.11971826289640554,0.03968424106737999,0.0048718359629838425,-0.00026791303734701214,0.02284981794733242,0.012989712132056793,-0.010012828998578522,-0.010575150748999344
12,(1513, 3323),0.09793556052288059,0.10322514959417561,0.09227875873801095,0.09868279802207092,0.09898179426753018,0.12326610458243538,0.0851012828624218,0.09388207586625419,0.11764516651814873,-0.012277422839165997,0.09370239021043833,0.12116827988267384,0.12435155338387471,0.09396380036633908,0.11600739349291228,-0.8370673938850116,-0.32296528629768145,0.6475304652556586,-0.15613987251997066,-0.10176106279091389,-0.025233184190057534,0.0017919874465112515,-0.21265016697652836,0.09642718581862347,0.02539365097103216,0.02182302231283222
13,(1677, 3895),0.12774867324985986,0.13050549179394877,0.1250810790761765,0.12747682802452642,0.09472223260881497,0.1190162200432069,0.10105009838958778,0.09907259574728004,0.12245457837038226,-0.017054176816166944,0.09951523642562214,0.12155216679694578,0.1138825775815443,0.09888191976276346,0.12284126661639537,-0.3717466691505637,-0.29558019190425905,0.5313137948440575,-0.19683994524699314,0.04530722845978623,0.019197565317226363,-0.002293605126367811,0.09108200861344365,0.020557943396685742,0.010112758989615887,0.03610268500062511
14,(2378, 5302),0.1392725435813798,0.14378995605460532,0.13605214761628004,0.13861008356641014,0.0936809180842243,0.11704949809665258,0.1431968323439874,0.09552993417601212,0.11839996996164022,0.1329390172343815,0.09430594782672573,0.11518968456972628,0.13911503393051317,0.09607957332908788,0.11981358728906562,-0.9106001075629386,-0.09030164890585875,0.592112821441289,-0.18264888532987958,0.08020339113426093,0.012308698075545516,0.0005063218855030469,-0.030872380318392498,0.03152031346109803,0.0013428182377785162,-0.06484767754347319
15,(2104, 5280),0.1516673944786184,0.153135501470679,0.1488536440439101,0.1512277378232293,0.09806313910834052,0.12216128024370762,0.12247201721559164,0.09854787104513218,0.1232101183814861,0.16231834230897402,0.0990687871132411,0.12171976688732634,0.10410171474245766,0.09834068851804341,0.12379788488682049,-1.2379117930131471,-0.11669770273514561,0.6408634574608535,-0.1542521230201946,0.06351434415633633,0.011808925435316385,-0.0011300048207505695,0.08905425286609168,0.1196814539662057,0.04231005016050236,-0.035573788155688575
16,(75, 201),0.12347852670040652,0.1746459009651936,0.06941602467745123,0.12393022413315169,0.09673285608948519,0.12094032625307011,0.13637912729213042,0.10270014269614078,0.12620406486350383,0.1424017280479789,0.09896403422675905,0.12282434763416929,0.10090748172693575,0.11671054945632213,0.1381435378482913,-0.047993733722321824,-0.13209682711031173,-0.10811570298096637,0.009886260963677423,-0.009156472154389755,0.1658879233588126,-0.008469358586078047,-0.05802059469751353,-0.0779163749016145,0.054148160719306025,0.05627409989089255
17,(392, 971),0.1122933962995617,0.12149523664159734,0.09977027082216372,0.10946040062853712,0.1091018465761168,0.1357051804735057,0.0598987534719132,0.11374025332140474,0.13974377980003136,-0.046368389950266264,0.10104869154942185,0.12509237419798622,0.06406893841190697,0.1188430461987999,0.14521850162589803,-0.5562463944592878,-0.2376018035087575,0.39321735862083645,-0.11701856758110096,0.15227969653180184,-0.10536564480504218,0.016683051352677187,0.15502657356205446,0.28828415534880947,0.007637076746133653,0.011359352211989042
18,(198, 597),0.1593356733294246,0.1725471121088349,0.14970110229699085,0.1539234727860337,0.08983763734322227,0.1114832354412221,0.1675859210196956,0.10119289386165402,0.12443381721956943,0.054303123707579504,0.12128709430121973,0.15132747499914856,0.1872650819875269,0.09449482704846547,0.11406883124049111,-0.03934483232601145,0.050030796317930594,0.13625149419811067,-0.11729467214800021,0.2390508402289936,0.00531664053122178,0.0004805851819691038,-0.14908307123768194,-0.12385567256593193,0.18934080670265246,-0.03232484219318468
19,0,0,0,0,0,0,0,0,0,0,0,0,0,0,0,0,0,0,0,0,0,0,0,0,0,0,0
20,0,0,0,0,0,0,0,0,0,0,0,0,0,0,0,0,0,0,0,0,0,0,0,0,0,0,0
21,(3, 34),0.6628153265528789,0.7380373872779493,0.5686893957690805,0.6497450444215525,0.0659628092252754,0.08094756178230131,-3.187649170002448,0.1089852804905203,0.12665078073282643,-15.43872873304753,0.16423947096096497,0.16702241237050866,-0.7328225454334063,0.05373109002007561,0.06468658505752725,0.04862816076571283,0.13301833810121266,0.11762698828884055,-0.09146502133378284,0.03221924845380917,0.03591420704648364,-0.0769988461202728,0.01292887586373203,-0.0038404550210146635,0.025243321817977924,0.00021171117725174595
30,(6773, 14383),0.048802299358782754,0.050624158971416255,0.04635996169245149,0.04871646565887655,0.10593109255574025,0.130709510418826,0.046555532545627054,0.10582435039506856,0.13100197206460185,0.013403616134895935,0.1075443481503653,0.1327547806522988,0.057174051152229954,0.10501458789135795,0.13016859098393954,-0.6684664464389742,-0.11258687546771413,0.34845980004939736,-0.11966886679499958,0.07052172890158011,0.021302350798109434,-0.001279377507503348,0.16531589235651428,-0.05036153178412435,-0.012920015749994991,0.014573854953400285
31,(2037, 4602),0.12887200214901495,0.13150987763095834,0.12552710192003846,0.127711155638509,0.09888057755927603,0.12324009107527663,0.09062961149548887,0.10311555649406495,0.12773091471641676,0.17608876799919204,0.1045200165877569,0.12885303731172496,0.04555390208713339,0.10249270897425374,0.12723011008423193,-0.2372856700740154,-0.2679407273581775,0.40942163327908,-0.198045080811,0.11498652114716312,0.0230618070445098,-0.0018611357011765208,0.12655516917501478,0.010299352846444265,0.02331983783327757,0.0046591975221180705
32,(6753, 16935),0.09566307873572728,0.09766348316491591,0.09386188257670292,0.09543374765212609,0.10489673359277667,0.12965223941252155,0.11414457369574005,0.10579636448727775,0.12987584444608696,0.12092041163021916,0.1117180990761461,0.1376760180066322,0.10847409303789946,0.1034367595005681,0.12663395159913357,-0.5068958518569643,0.06627460432945781,0.24859718421473564,-0.12198951648871134,-0.013746359043814759,0.06055926935730203,-0.0038263034348671415,0.05040267441714378,-0.009315324004678834,0.0018951821817855782,-0.006635948297035569
33,(5210, 13133),0.156629885007198,0.15978825635689753,0.15347913953422998,0.1567217594758996,0.0966584047619396,0.11998896453326666,0.1364823837091289,0.09783317892739364,0.12284467918044381,0.13554852015861185,0.09993360701720755,0.12661272230439136,0.13330338657074736,0.0969997265018087,0.12131708639327861,-0.8882584350972735,-0.20628715448237553,0.6406745976261919,-0.22392603807727407,-0.025502449690894536,0.05431652817523395,-0.0025500911922886004,-0.10187736800390787,0.16502674395723768,0.024797191668049872,-0.03913506736628892
34,(3523, 8426),0.1026381339061541,0.11102856350366608,0.09630187128583345,0.10261492094589353,0.10079912000969658,0.12493887292157253,0.1287099171991415,0.09950281171977134,0.1241412351555136,0.12710952362267047,0.1033831221324705,0.1270975147560839,0.12773593987557985,0.09788256348101676,0.12288577545564348,-0.7442940446812396,-0.07718616742935928,0.37111914808269014,-0.15303248032401193,0.12116770211630802,0.040652827696674304,-0.0010419207496037862,0.007717397627574063,0.0002804485605358815,0.009350345523127935,0.02144063195499742
35,(558, 1224),0.07465817068879152,0.08441463314632502,0.06340561294714686,0.07193175707127075,0.1009012133751795,0.12547944911612052,0.08996271987055005,0.10476898718005177,0.13420568286734702,0.07072172258278286,0.12528393544255653,0.15754525429760327,0.08028150750060248,0.09535228961693482,0.12200641696969651,-0.0820350985150827,-0.09824296471456385,0.20808461823777777,-0.12678462781207356,0.06940219524627114,0.044376435193264285,-0.0012838206285825419,-0.013436398188863063,0.0523969588966252,0.04422220009476209,-0.0021213286699730115
36,(537, 1179),0.07069345873410275,0.07947502535899331,0.06363827717746029,0.0686122975173955,0.10248173657406434,0.12723837867350557,0.06676781547201271,0.1134126459475797,0.13612708250264433,0.06295126361231906,0.12087417712010311,0.1440874990741794,0.06707472522055302,0.10999804693642497,0.1323245562669479,-0.07511771772377179,-0.0852602711312237,0.12054467153720295,-0.10985592310229758,0.0653848158480364,0.07549413466713661,-0.0046436373493961465,-0.03594010968608207,0.017841529079913057,0.013405739070491878,-0.0033617876797057385
37,(151, 319),0.031070000639587002,0.03919247279246352,0.02676040707510785,0.02267908369677274,0.10350277272802232,0.12770365594594002,-0.08714528548031941,0.12072105810942128,0.1442588883662983,-0.12752197726774006,0.12565113309954473,0.14951635288948972,0.013924464096102707,0.09745726674977603,0.11628609798586781,0.005127130762733462,-0.037770169060317896,0.0791994631302078,-0.05871818967590182,-0.13579741819240537,0.04652916745584573,-0.0026210119174485623,0.011467988231585,-0.04758582390246544,-0.0181334010971366,0.08422031916016033
38,(577, 1328),0.06891074479216588,0.07736120312170469,0.057981431970321906,0.06442294174360419,0.10254302401810046,0.12645028828195196,0.09793743937246724,0.10226997255477151,0.1279851578961207,0.08808427282141162,0.10200438350418845,0.13004969228694166,0.09583177328854886,0.10238579334374759,0.12707433203473636,0.02091782879312884,0.05370755449593858,0.07203086748297446,-0.0760510665555595,0.0388281151696855,0.025079913462028883,-0.00289836434855502,0.057638281489667514,-0.05299653955697031,-0.03660769246435545,0.03892866575421999
39,(1913, 4005),0.0747228418009143,0.08410844165066922,0.06562805761432389,0.0754055173064091,0.10271654460584748,0.12813829715653924,0.0546044480881166,0.10696683904192394,0.13158768921603747,0.08508768130234667,0.11036549754744729,0.13276714641361118,0.01244853285552705,0.10534397960553658,0.1310207530840973,-0.45402575043743915,-0.45962695700313344,0.5163407969281573,-0.180271316090485,0.09481227835939558,-0.0026451412392349866,2.4351614237933524e-05,0.21187962101973054,-0.05878968633731206,0.017617956059887595,-0.006197318644724857
40,(988, 2169),0.03924327156961973,0.04237044696946268,0.0322629351810193,0.03811979451775982,0.10408552316009853,0.12902031712267456,0.03134387175871933,0.10363817231480034,0.13081549577907622,0.05718536626115067,0.10112473730477302,0.1289249080816019,0.01893591583731602,0.10478485464656392,0.13166900483957514,-0.061413127326039485,0.04560867299901722,0.052272146009159914,-0.06864441388871387,0.04963345199650944,0.024115476178184606,-0.0007889925310320108,0.04287988504789763,-0.05730386796249822,0.01200623796118719,-0.020047694417602298
41,(653, 1652),0.1170777824767721,0.1300598078883073,0.10950395977127958,0.11575252950912529,0.10001792296330939,0.12364241375100939,0.08469855373070434,0.10387908267893052,0.1261135411119178,0.0021309627481639337,0.10847525221822803,0.13102450630984666,0.10635493843603583,0.10206847043617695,0.12412558221458402,0.09891423007277428,0.07602473782456849,0.04103660876353275,-0.11053116318100453,0.028648423745503925,0.03239584076737336,-0.0014419640106318062,-0.014978335417368253,-0.032240313235308314,-0.001889039668325084,-0.04011758260974612
42,(667, 1531),0.06077596996855168,0.06521785200966279,0.05407123791998347,0.05828474103456638,0.10313006389125637,0.12808330688478733,0.02716953324775806,0.10371782723929893,0.1284423705380727,-0.047403331789387826,0.09612483343581267,0.12046666122643122,0.008210736364208215,0.10704286374147921,0.1317831169719958,-0.024708658586976778,0.028166626570383057,0.12161626552955641,-0.12395346733810081,0.02779902192893983,0.018031532792179592,-0.0016887757931306994,0.09065062768735033,-0.033425572553882794,-0.008652759840826247,0.03492675729240097
43,(257, 476),0.041022828125486674,0.04997502835106282,0.031965477183398705,0.03560960881373376,0.10954990764518947,0.1329549084237762,0.03989692016825075,0.10482240591546757,0.12442700473262558,-0.11068778149826186,0.11100307920288975,0.12973856066511533,0.03216999325206038,0.10147454121811388,0.1214529603976009,-0.05086288432646644,-0.03968555291003376,0.07255078249612629,-0.06300345006988874,-0.10409731358409463,0.08850646402623386,-0.005392419759274181,0.05974456102972163,0.0443451930205587,0.008154842120309886,0.04665197438362185
44,(48, 173),0.11969490444552607,0.12160337650069353,0.11722185475650004,0.11126078354386126,0.11478669575736114,0.14098417430593346,-0.42951204333939463,0.13283751149063336,0.15753052948595148,-1.7655571988264196,0.1504817909569977,0.1698489244608713,0.2103527288953766,0.08301836946795768,0.11588428789183632,-0.030864319046444873,-0.1607737088243601,0.013405631862139264,-0.023053554844097813,0.21252983566987393,0.10102330634068425,-0.015721497049401893,0.10846600369611756,0.11356897088249186,0.016106977319718652,-0.03573809720845374
45,(123, 219),0.1371341883159048,0.1646465454307381,0.12362832027794235,0.1359582178379073,0.0949359423422174,0.11687174360687969,0.04878809441149923,0.09083040343107628,0.11594360218373861,0.04458112691377447,0.0903329701341641,0.11600225829738804,0.005106131308876716,0.09361150777290334,0.11561511289676474,0.030855727426052647,0.06032783719135557,0.15551685341884158,-0.09600853972963061,0.07142738143051923,-0.022049120617296972,-0.0008503770757089425,0.04161881233061051,0.02732318236828257,-0.14211502437180693,0.07236685321922566
46,(1216, 2495),0.049093394629756905,0.057885223633522,0.04268806940641534,0.0475890719779728,0.10785931671978378,0.13240076488941382,0.05208508672267009,0.10516762698176231,0.1289258436254595,0.05616129379652379,0.11856397933706547,0.14275069899036308,0.0490473706500969,0.09863020703237439,0.12161002988067407,-0.16981118897826034,0.014721540755399628,0.03603663427796769,-0.0726265277276071,0.1473535682909526,0.049256307519742734,-0.0037872833811336084,0.07054973554606771,0.06576337689564682,0.04294400879531001,0.01116882570942771
47,(200, 399),0.14886630453455646,0.16489197163064828,0.13587595856798174,0.14307615847945931,0.10396556913900717,0.12720070574815712,0.19003941954020032,0.08483191492731153,0.10604191600050138,0.4349517894549352,0.06208069588241242,0.07664897742227515,0.09490765783768851,0.09620752444976108,0.1180245697032862,0.033658639230536413,0.02747356755703784,0.012564357111565594,-0.11469679822670346,0.190665349487989,0.07399631353998701,-0.0052703257995070345,0.08630879776287821,0.07659353647765005,-0.0364939883715815,-0.0482479538533515
48,(659, 1476),0.03717122047213863,0.039589467031428405,0.03369785356887467,0.03561867727621337,0.1013849945197849,0.1256199073748828,0.014041695734207216,0.11285165913528991,0.14110700383074476,-0.03503275946820583,0.1334450268775789,0.16440266406187184,0.01730861407585893,0.10366813027724213,0.12937297706205192,-0.14130280818357693,-0.12263575370563456,0.2271305702319896,-0.08618412585806902,0.06532036851949062,-0.0035135485820110583,0.0006795396597484275,0.03718562001825668,0.08655600879364701,0.015173132355079843,0.024494888791057746
49,(1697, 3433),0.04757897470181525,0.05228157871632233,0.03877617542587353,0.04632134762252116,0.0996947702735689,0.12444877297446522,0.05509472916554092,0.10043748653730358,0.12331272475660941,0.1123456790859404,0.10876491409356422,0.13310079653200962,0.013880652425861673,0.09631019008084789,0.1181613595339662,0.0629579867266842,-0.2241790387411729,0.2126549905486732,-0.12772340093760323,0.247927804628185,0.036364891050912486,-0.00376638095578479,0.08963521680757552,0.021848276659091843,0.011233759343300058,-0.03529848801745619
61,(88, 160),0.18469395292238008,0.23317281778550913,0.12868056437693598,0.17558859262770365,0.10974593060276039,0.13406017640685622,0.06544063392391819,0.1261597914550061,0.15156904913111013,0.0016258255969083812,0.12520899872706737,0.15318477806352612,0.103275970344196,0.13138915145866922,0.14235511577482235,-0.009155260171382915,0.04049577092916921,0.0920301454019417,-0.09375027939312443,-0.07254627772032585,-0.16852939113029974,0.02206780665011816,-0.003229796380930757,-0.006336863769336029,0.034233011302732756,-0.04477280874839629
62,(14, 55),0.30903199103389667,0.3728321302660591,0.24544450068222234,0.30742760361835986,0.09960740743370936,0.1248983885199482,0.12645016338524206,0.11128212082342423,0.13208800064544718,0.010150921929617085,0.130594177048754,0.15063310258111748,-1.0611215849269255,0.06622065629765486,0.07220359638462699,0.06438374450916791,0.10044167630050692,0.11084885101908819,-0.1299045187409131,0.005761631182673217,-0.05319594885951177,0.007801223780224632,0.06482697814870612,0.06424499994606611,-0.056489426852704784,0.08119971937481042
64,(25, 38),0.15044176533853687,0.17467682915780092,0.11293678412483665,0.14176858971627648,0.11954828642709628,0.14323139452835493,-0.18044067985639844,0.145572310137629,0.16117837107275648,-0.1264088547467812,0.14590650412067394,0.1632798902579262,-1.1559873356424983,0.14348359774359798,0.14736645452946354,-0.009908118633800303,-0.02153169603381009,-0.06810210836313327,-0.046263737000596925,-0.015279242957772353,-0.02301664597921286,0.007644192065634505,0.030584571302394267,0.017166716343250957,0.0032407597461246705,-0.058078973981314314
65,0,0,0,0,0,0,0,0,0,0,0,0,0,0,0,0,0,0,0,0,0,0,0,0,0,0,0
66,(47, 83),0.09411064801657314,0.14481287568824097,0.04493451189479625,0.08379555191217491,0.09728848415031086,0.12482154404439824,-0.02110074792411254,0.09502649051847176,0.1203863936183073,-0.03135481859964506,0.09753448928990877,0.12273084315186983,0.02678427373715664,0.0802919977362791,0.1055664446018916,0.01290779262722036,0.01874692532655999,-0.013180962448568987,-0.07542689820451995,-0.07490516337036802,0.0540066783350524,-0.0004037358972426628,0.06401221725420315,0.042084582058178714,0.07783163482043391,-0.02662144462892793
67,0,0,0,0,0,0,0,0,0,0,0,0,0,0,0,0,0,0,0,0,0,0,0,0,0,0,0
68,(52, 85),0.17176336382962443,0.23841017595052316,0.1226002016127078,0.1530277456292397,0.08963818189870147,0.11076990598629038,-0.04946684031010373,0.11822917944357848,0.1382916030860561,-0.015051316084673472,0.12041581692538941,0.140253112999859,-0.4743251199373366,0.10401603581180745,0.12479252397820825,0.00027441625918521006,0.042700098869026266,0.03566820116636436,-0.09770008300617464,0.039499175494799435,-0.015320084057129701,0.006628186051011875,-0.021650843158119666,-0.012940044009605304,0.015159697093683495,-0.012926425163417401
