SID,Count,CV_Mean,CV_Best,CV_Worst,R2_Train,MAE_Train,RMSE_Train,R2_Test_All,MAE_Test_All,RMSE_Test_All,R2_Test_NFI6,MAE_Test_NFI6,RMSE_Test_NFI6,R2_Test_NFI7,MAE_Test_NFI7,RMSE_Test_NFI7,Coef1,Coef2,Coef3,Coef4,Coef5,Coef6,Coef7,Coef8,Coef9,Coef10,Coef11
10,(200, 382),0.04307015070460971,0.05347017915116947,0.036446329028291036,0.040382797853003805,0.12462501056882286,0.14975718765512255,0.11685024161046298,0.1202073042815296,0.1435319588621929,0.05075853006263631,0.11460992941794372,0.13676134370946735,0.12013424379952942,0.12315329105183796,0.14697021214438372,-0.2791917327842751,0.16279093939262776,-0.10014625742754117,0.053158760225934056,0.1870719348498038,-0.00181197643846394,0.0011597641408875494,-0.22218440491774955,-0.13510947737537363,0.009414668389232167,-0.04015969337944081
11,(13328, 31294),0.12486403932094436,0.12685847553624297,0.12288259731220674,0.12488160619940392,0.09328230341161738,0.11725919291151117,0.135370842468426,0.09273177787490322,0.1165887339854429,0.1299510274161697,0.09208638671056044,0.11579809547752574,0.13298712388617595,0.09300672399892651,0.11692393368021929,-1.4509816744949766,0.17571584386132139,0.5539088386065368,-0.11318816046913777,0.02834165313875241,0.006722849630777845,-0.0004933802993465561,0.08571044084430567,-0.043223116033074487,-0.0055593215289333605,-0.01388633818720269
12,(1513, 3323),0.11354108595551586,0.1163565655750638,0.11159991758957688,0.1135248088442018,0.09746231120333537,0.12159345992708274,0.0765507810574928,0.09892696421420438,0.12456618504173869,0.08049143970927475,0.10418221183172068,0.12822109019952266,0.072381343123059,0.09653677629177979,0.12286789970675302,-1.2449338598447341,-0.30353652724866365,0.7645317199976778,-0.17097580698825948,-0.1048095794153703,-0.011237259777743779,0.0007183255101128234,-0.3078258176007489,0.19837832710162193,0.007410678154728764,0.007641349335282673
13,(1677, 3895),0.12940782417801694,0.13409260192674133,0.12240120915463903,0.12871399072634082,0.0949800311670814,0.11916941453829613,0.12936151276549046,0.09482167690940842,0.11841763860585248,0.042806547983311294,0.09844881952847775,0.12267285111567286,0.1459281077768595,0.09325921547350162,0.11653675274640446,-0.5405229341564283,-0.3905249228389352,0.6348822486096137,-0.2184041089022215,0.07658423773959902,0.013456567975151783,-0.0019562294485748304,0.1698288883743562,-0.052153210889336284,0.00021339510978476812,0.03863697328405103
14,(2378, 5302),0.14617564266531133,0.14866705081151244,0.14282204488989947,0.14596684802764615,0.09416898012515941,0.11739685089083447,0.1505252067959323,0.08709298206439764,0.11008233100797933,0.14981776101411826,0.08654658720075596,0.10986936605011677,0.14673978615371275,0.0873383442861839,0.11017783039855938,-1.2563944427778404,-0.08862514885977274,0.6998321650501695,-0.19359166901651254,0.06473800728506011,0.012192468983005385,0.00022844600392455457,0.0037434213846012443,-0.01807972150637011,-0.006966943457196419,-0.046706643589528314
15,(2104, 5280),0.15684890999416817,0.16045632431127954,0.1538901236778336,0.1560803018160648,0.0977815695170046,0.12181071298397401,0.16599057163722197,0.09606194860447317,0.12012414113746152,0.07825904661839644,0.09370018007052852,0.11737341494240691,0.19125923974959458,0.09700128836229209,0.12120082851127362,-1.6132402882316443,-0.017151431941990987,0.6864244158590062,-0.14759969292599404,0.06038936357876286,0.008453219763405026,-0.0010641360089363179,0.08469506053134168,0.14536461457966407,0.02340761615833909,-0.009193113649987336
16,(75, 201),0.14199118106930134,0.17353384946405825,0.11409316042396822,0.1312838239816414,0.10060130295370957,0.124431083056804,0.1142906907308282,0.09653928320288599,0.12082477245458612,0.13007408596175374,0.10062510784103025,0.12370397398866691,-0.07081036632813986,0.08121744080984514,0.10935468602958448,-0.0706227432355163,-0.08520684706039448,-0.06997497104026912,0.0008658556070361835,-0.08924901189709816,0.13992074331864926,-0.006268033430835198,-0.11159090922952973,-0.12453026598217858,0.12232326040465415,0.03127443912512028
17,(392, 971),0.14022848142803743,0.15661314969673956,0.1339125165178593,0.13911564709923796,0.10741170858273427,0.13358670358958896,0.09170735608014724,0.11278267344277308,0.1363150968409315,-0.08945862846336738,0.11130075932792136,0.13902198181878145,0.13807416144139084,0.11337849458173409,0.13521148839107922,-0.9660177957390498,-0.34750796956256524,0.6402791556132098,-0.16559191117457792,0.06351173323680415,-0.10175100969090899,0.01470978083628731,0.15431419580516456,0.32918691902761904,0.025037250085455202,-0.02974371455145969
18,(198, 597),0.16514538676083637,0.17312296502013313,0.15736032625195517,0.1624262280271459,0.09098814052359377,0.11338561969499407,0.22511822048770025,0.08506743229487668,0.09931342820622661,0.15155931842039305,0.08260978601324817,0.0984524213434778,0.2134764293498711,0.08588664772208619,0.09959877646487368,-0.0861278394843157,0.07012079670619155,0.12066468298176458,-0.10300974955470338,0.2591308205896016,0.014002212101071955,-0.00023861677952700063,-0.27224331845838956,-0.20851434826867254,0.16636753253410808,0.07526850211137615
19,0,0,0,0,0,0,0,0,0,0,0,0,0,0,0,0,0,0,0,0,0,0,0,0,0,0,0
20,0,0,0,0,0,0,0,0,0,0,0,0,0,0,0,0,0,0,0,0,0,0,0,0,0,0,0
21,(3, 34),0.7091101252438776,0.7793075541296248,0.6223664658784287,0.7036686216374416,0.06175024837388691,0.07479170438817792,-5.253041697168123,0.10444998368576526,0.12610424149996027,-16.388417713858495,0.16965197020981315,0.17177923719158514,-0.07714517994271874,0.03924799716171742,0.047921322169131975,0.06143571717677602,0.17373116208028866,0.13882298218999375,-0.1700766722190943,0.03668914133155415,0.04165861399724157,-0.06546573304013742,0.021637506369397257,-0.00038597449130141267,0.09765379406660568,0.012937171294602472
30,(6773, 14383),0.04681280323479513,0.048841225683258216,0.04477805554635317,0.04661241393519888,0.10593147357027782,0.1308387663540998,0.06882458308253936,0.10551815342224062,0.1296436692701873,0.08832933702151335,0.11196596598628335,0.13549816406392162,0.05796847009251538,0.10248256989939158,0.1267938594497033,-0.7220217131023555,-0.12323243279765057,0.36495515853437593,-0.1221751457556989,0.07236115442920478,0.027774667471134572,-0.0017947049876753424,0.24664252499709635,-0.16336497753093457,-0.018561962995839572,0.01335238264949549
31,(2037, 4602),0.128419801521113,0.13204727568083097,0.12464737018319172,0.12797277445240585,0.0988366243097242,0.12296891033738255,0.11068528886808005,0.10232624151924503,0.12856420819071016,0.1191646862712763,0.0976986558458582,0.12492498339285055,0.10555838864567757,0.10437847516570353,0.1301455576063905,-0.35195392606993225,-0.32527483809268676,0.4901071851269635,-0.21327870465604437,0.06250557223606194,0.0378372348162578,-0.0036519358862890927,0.1545453980922522,-0.0299612551494792,0.03367117818702047,-0.007652552272184637
32,(6753, 16935),0.09913830475565914,0.10181513052697211,0.0943558039641954,0.0989163817190869,0.10510762166227142,0.12968958153919197,0.08513179121234693,0.10375137152871869,0.12939053795967384,0.10200932027937204,0.10800511038655954,0.13567757698765612,0.0747042971398979,0.10205640474652118,0.12679854755617165,-0.5746735573524661,0.07625803986174695,0.2574006253825506,-0.12430379701791801,-0.012006486261817037,0.05455813615668258,-0.003171659254700207,0.13360733268609726,-0.05341484151378523,5.986350946688247e-05,-0.010413387681353806
33,(5210, 13133),0.15848095278802093,0.16087755198801013,0.15628588795800546,0.1583486305380637,0.09696734902424324,0.12058850021187587,0.13043331790133517,0.09405732240840607,0.11663145585603865,0.08574012993653435,0.09451302655041098,0.11867784669366589,0.1435473347507451,0.09387649844954504,0.11580942491599161,-1.1037956972096163,-0.16061881118086774,0.6753596816713927,-0.2232858441208417,-0.016577276282539976,0.05837691892887458,-0.0029637618599667893,-0.1580523595476282,0.19910941503923302,0.02965687188857544,-0.04075674876098917
34,(3523, 8426),0.10644572208844287,0.11248317394197527,0.10342039115086399,0.10607166870683271,0.10052755656391756,0.12490662406018974,0.10700622230502366,0.10100402720464367,0.12386266432908101,0.11059753066875022,0.0990469875025862,0.12202344968751412,0.10551532263867469,0.10182120155235924,0.12462260704434001,-0.8864279428672567,-0.02178963745469376,0.3798946464804022,-0.14771304697513093,0.08860657521268894,0.046865245943314385,-0.0016694687586453645,0.04216235248118089,-0.024623835156719936,-0.010199189499649942,0.008843439949488703
35,(558, 1224),0.08337380809600961,0.09516368356130633,0.06610140885149796,0.07903617680427943,0.10043589269531042,0.12535994100179823,0.004272023155062699,0.10806343918875747,0.1358385030775334,0.020918316871079146,0.10660749373557618,0.1383609277252302,-0.031153257496564724,0.10873174201972592,0.1346648485019408,-0.14741623485218722,-0.0824122830977917,0.2548435700447082,-0.1431773187130598,0.026893114175477188,0.030205231996142137,-0.0006576766463936352,-0.003561639404789652,0.08032980899007569,0.02619063304781721,-0.006604147356517888
36,(537, 1179),0.06932506800264056,0.07456936886553911,0.05967733417277232,0.0662439291039374,0.10322102052830398,0.12782818174065783,0.06758979892147654,0.10525402466419514,0.1307050632285963,0.013620697936860826,0.10458669203281161,0.13593240632798947,0.0503224778088075,0.10555941417347234,0.12824184317905246,-0.12696419639592318,-0.07472024040489944,0.10223776805030828,-0.10051771588781042,0.09838500404563505,0.0689015990523589,-0.00408184102900042,0.012760284851560904,0.07388545578321483,0.037125712068945015,-0.028096465617902928
37,(151, 319),0.0356737671487801,0.043259946257422466,0.02646556462392169,0.032020441919103804,0.10261530897988848,0.1250284221220947,-0.06832311322979767,0.12363645337107182,0.14624974584562409,-0.10780200365909631,0.12510019619912124,0.1482030905050671,-0.016456387972705322,0.11672941690121359,0.1366561917665373,-0.06497957152766803,-0.09502608423122871,0.18567720656817263,-0.07047104414806153,-0.23425637428725987,-0.010465024348009977,0.001357807705739395,0.05547749276304401,-0.026820757415608402,-0.0534343066352399,0.039106188284338886
38,(577, 1328),0.07182704771562602,0.08548114881812496,0.055661497936502546,0.0695577931780168,0.10179331879982745,0.12583466028707108,0.06596737921587592,0.10724099588649731,0.13261270335986017,0.05334812443246251,0.11703281534896524,0.1447767207471937,0.05973265608652745,0.10297087912842859,0.1269436356532877,-0.07334227165718935,0.04046399823800472,0.12336541712787966,-0.08970688193562926,0.025595547343571452,0.02692207338145709,-0.002324726316088257,0.039472634143911646,-0.08934319475314681,-0.00646115632570401,0.04784960887785508
39,(1913, 4005),0.07719064569621006,0.0823836931299422,0.07381525076932738,0.07718723548464002,0.10313821201117218,0.1279899566231242,0.0573665382806513,0.10189059862252876,0.1316753971021719,0.1374156645711,0.09800576621037425,0.12383681115346988,0.0162430322729894,0.10374560609933253,0.13525817232452694,-0.5295305139303783,-0.476681232134141,0.5375325107878982,-0.1856729365931187,0.09498664819928584,0.0034631359028707586,-0.0005226474404104598,0.3718521487127881,-0.20584132781624942,-0.002671258041518478,-0.01027208325331492
40,(988, 2169),0.041343278688542685,0.04255231550107741,0.03993631660504082,0.04000891162874365,0.10330920854074943,0.12859272862427187,0.019701756757759314,0.1094968756524208,0.13396268761269314,0.048952580590530426,0.10747183534470266,0.13360713787361744,0.004074613915357239,0.11042074196792356,0.13412458385393772,-0.13293145547146692,0.07143689243716264,0.06390945077552594,-0.06643825668899772,0.004093464292163211,0.02934922479577518,-0.0014005973744974569,0.10850329547460409,-0.11506603251169721,0.006473774861517401,-0.03147070357129911
41,(653, 1652),0.11087743070021053,0.1153231289572979,0.1030389732640219,0.10925869013893619,0.10029364957823693,0.12352200953433867,0.1382242049370036,0.10200879836080184,0.1276949768505986,0.2108393672658938,0.11001874194401332,0.13183735574764113,0.10262561061369235,0.09885336604014278,0.126025752343712,0.10878069980858181,0.10578396510035701,-0.013088673228202553,-0.09379966148279138,0.01245156605370991,0.043046248938080164,-0.001938154793544906,0.08250433920759685,-0.06729923883870897,-0.006876445922528075,-0.06324860485392815
42,(667, 1531),0.060766485041792585,0.07223691902855212,0.05239513961731079,0.05825795794415445,0.10310152168169692,0.12754930901028205,0.03428187155320128,0.10304269886715935,0.13244582704434316,0.049229696793411826,0.09624575799973192,0.1220551501963971,0.018680551160731196,0.10601913702479096,0.13674764609765216,-0.06990764252580302,0.005510196380429914,0.177916808151037,-0.15175918815545525,-0.012557284774724047,0.031010168497957916,-0.0021051277327564905,0.046150969355662444,-0.07044234242116719,0.009004604083627936,0.03633703629914368
43,(257, 476),0.054419717752667296,0.06135517006922053,0.04315487502777504,0.04976305656393809,0.10654493686639802,0.12944607725039145,-0.08543867652535053,0.12488281994930985,0.14967745448301767,-0.21650926147383598,0.1350547057440907,0.16456087929320123,-0.0817987534602429,0.11937304847713687,0.14096097497184507,-0.167150146854016,-0.10063938402209612,0.12916963039482915,-0.07392602288996614,0.1259212613349181,0.038562429078259394,-0.0010152702487705395,0.044459748291563836,0.05965338047814675,-0.013571017935303858,0.11765476364091476
44,(48, 173),0.1734589961289829,0.2077277085761866,0.15379204181892137,0.16998655242464256,0.10740376046701637,0.13458901303843326,-0.14576944879926867,0.1353383736311788,0.15293375600116188,-1.3185112540738597,0.13813027176342627,0.1555163600042707,-0.023318217629894722,0.12745536714012717,0.14539428282099795,-0.039825086336119586,-0.27141364027153136,0.06379084389374975,-0.07210154907114831,0.3654497659084427,0.15093011523999111,-0.022888273882334505,0.16396484095318636,0.18333288817002405,0.020314750053490746,-0.08398056272073219
45,(123, 219),0.14163457730752743,0.16062529468865394,0.12355871687189068,0.1339813551668666,0.09768709891770187,0.11887821922463185,0.061023449059400936,0.08702651031515159,0.11238574207750197,0.051070257105492955,0.08987918933874682,0.11560764798660636,0.03724623802211047,0.07107744122868737,0.09232346807351503,0.02700269187102581,0.01539175961133363,0.19540398066698617,-0.11044609618652787,0.055568218212530066,-0.018228712431158922,-8.74827855475946e-05,0.014650802647575742,0.0637229405041907,-0.13195652315563233,0.09935253163673258
46,(1216, 2495),0.051189374157859735,0.05776801308104751,0.04634376711738941,0.05022827075308689,0.10796213769972679,0.13220266331656683,0.0403340161855259,0.10348756749645575,0.1299092613937981,0.047547399592524964,0.10514365933597275,0.13262427698112333,0.020210345138036656,0.10267939467877148,0.1285635183993771,-0.3096709958011634,0.03685823029657694,0.08641635234167593,-0.07923833566428748,0.11712762516847605,0.04543898527058978,-0.003172480514041259,0.025864036277165575,0.07366471777615748,0.04161698239228825,0.043123835713812404
47,(200, 399),0.15049004948428496,0.15995521573871196,0.14442228499220822,0.14780473903354796,0.1025098165545504,0.12531622277325477,0.1548931405417402,0.09980600152308629,0.1219559436408727,0.3463284542763053,0.10220943342621565,0.1262694976917692,-0.0822054911337109,0.09860428557152157,0.1197409088838803,0.067066038483788,0.028819072124181895,-0.01892479051889128,-0.10550501067710052,0.2875618596485854,0.05094331259275244,-0.0035826096566952226,0.06570783242773029,0.03822920533052254,-0.08724643130551195,-0.054851736878478094
48,(659, 1476),0.03573513442903915,0.03975709317805287,0.030483315007682088,0.033791774831570476,0.10172400443751296,0.12658790899994163,0.04987909160387827,0.10719214622091276,0.13149234209428803,-0.025279941697616826,0.10601211157910985,0.13555943551562546,0.07598365123416018,0.10771837788550058,0.1296375069161835,-0.19167585238498758,-0.23414095914139846,0.3151649960580954,-0.10361730150540091,0.07305043935935236,-0.011455954903721406,0.0015976396177545102,0.06754636866941727,0.07066605627658405,-0.00014016822169127366,0.021666971788044415
49,(1697, 3433),0.04856198359198609,0.051347639804278256,0.04181878163227204,0.04769333855533364,0.09963986024667265,0.12447910747760069,0.05999828860801748,0.09958369612141742,0.12203786898172965,0.07918160318902157,0.10244414757467517,0.12580692926751405,0.049230735045102225,0.09816597965770366,0.12012599902426445,0.021097456427464547,-0.296066083417531,0.27015996662275865,-0.14229746632335993,0.3007691772492247,0.01829567535614879,-0.0029556425062766717,0.1309791026591256,-0.015760992662218476,0.006060108539898545,-0.05052466703205099
61,(88, 160),0.20943744493130206,0.2586257844438493,0.1793248828601477,0.20077386817689247,0.11035003750034529,0.13458857244449676,0.051159858817681925,0.12165065188539408,0.1486098444730278,-0.001132248892777854,0.12567750668415997,0.15339622365635572,0.3493946680807305,0.09950295049218157,0.11888881489343288,-0.05723412812492676,0.0433466241279583,0.16847057599727894,-0.1207444195716637,-0.12859004657684905,-0.1989386794832286,0.025650080959686718,-0.03844999702793056,-0.027215804074845362,0.07985430177741763,-0.17966682212444457
62,(14, 55),0.29558770170353366,0.3672320804322804,0.19351915807449072,0.2654349255688645,0.09333461354183006,0.12077248764113985,0.27226321237197804,0.11745369306547979,0.13882697404410785,0.11667506814746254,0.11964822418108835,0.14229714090770915,0.31363079799307636,0.1123331204623932,0.13037120470522484,0.05800111693481945,0.08769842648217659,0.10150150565069638,-0.15201280360531377,-0.01781211608920162,0.06249916850337702,-0.003196527248892296,0.09258286571164683,0.09327921872443729,-0.12833914795329052,0.0572069716623386
64,(25, 38),0.11307508756127767,0.22142603091653457,0.055819166599263115,0.015771088177039316,0.12882785296323768,0.1481955935893237,-0.011880866230133957,0.13664438198034923,0.15672435341330715,-0.09661724369460134,0.14124599702025606,0.16110618261121773,0.17297895496182536,0.10788428798093168,0.12592965669648767,0.02369267038415153,0.043315559517433676,-0.025447607575623685,-0.07892927589699572,0.023272633123914088,-0.09075010901215784,0.013034401759797023,0.07150131848398127,0.038263548768223195,-0.037059387514721036,-0.14753676706897123
65,0,0,0,0,0,0,0,0,0,0,0,0,0,0,0,0,0,0,0,0,0,0,0,0,0,0,0
66,(47, 83),0.16077359393468693,0.19363984017982128,0.13456436265846794,0.13098970821523015,0.09057680540823601,0.12191613701603926,-0.20164920548816467,0.10293446389471345,0.12989287259685517,-0.07960286539918893,0.09933197346620978,0.12556878182784986,-1.2815515658477379,0.12409909516217228,0.15284604907926944,-0.010865706986277703,-0.019864552881229066,0.026640505686378407,-0.07777359207658184,-0.14690339577455608,0.08608021387488574,-0.00117328632437813,0.009501664729171078,-0.0043341888392176035,0.12627970660999263,0.04112523170524036
67,0,0,0,0,0,0,0,0,0,0,0,0,0,0,0,0,0,0,0,0,0,0,0,0,0,0,0
68,(52, 85),0.16618882335792243,0.2230246861689833,0.13299340807118054,0.14653117299006968,0.0899487916556752,0.11126350538483916,-0.029250496163756745,0.11573530691598337,0.13534093001997924,0.0064143554838634875,0.11918547507518788,0.13876219599650538,-0.829349740305694,0.09330921388115393,0.11055134234610238,-5.2079683750757416e-05,0.0688342607376552,0.03656529340327129,-0.10688906528546296,0.08223837481559065,-0.01809526144218304,0.006194286993993248,-0.05941646186511796,-0.03435155353571227,-0.01938932239089166,-0.017052334473398278
